gestora,ARX Investimentos,AZ Legan,AZ Quest Investimentos,Absolute Investimentos,Atmos Capital,BB,BNP Paribas,BTG Pactual,Bogari Capital,Bradesco,Caixa,Claritas Investimentos,Constellation Asset Management,Credit Suisse,Dahlia Capital,Daycoval Asset Management,Forpus Capital,Guepardo Investimentos,Gávea Investimentos,Ibiuna Investimentos,Itaú,JGP,Julius Baer Family Office,Kapitalo Investimentos,Kinea Investimentos,Legacy Capital,Núcleo Capital,Occam Brasil,Opportunity,Plural,Real Investor,SPX Capital,Safra,Santander,Sharp Capital,Squadra Investimentos,TNA Gestão Patrimonial,Truxt Investimentos,Verde Asset Management,Vinci Partners,Western Asset,XP
ARX Investimentos,1,0.0960014645790772,0.0476436066176468,0.113448004747629,-0.0655445612776339,0.174261882935028,-0.00320184482580477,-0.00752623681581313,0.399659813197889,0.0840723012093394,0.0392386839552876,0.178503370138572,-0.0154101659106696,-0.105041303732888,0.248754213506219,0.0685283996298912,-0.0436521271601131,-0.0815767394126777,-0.125032614884121,0.376371019275874,-0.0128525043908033,-0.17575092421555,-0.0685141013772975,0.0400290132976639,0.0623986568819081,0.0453101190911872,-0.110155102453455,0.170585917838877,-0.0696724441759171,0.251014828092642,0.00940254533672333,0.0342144074128871,-0.0632618947292049,0.043219042722165,0.0123177779290865,-0.0570698831089767,-0.134041097647192,-0.157494833651177,0.134152651329339,0.00526225890472774,0.0722985926111107,0.0396929474910848
AZ Legan,0.0960014645790772,1,0.290707136202941,,0.331853225486346,-0.0548443168312844,0.341505547571109,-0.415471975548518,-0.00448255322832363,0.268401920085379,0.400569265640631,0.0137891075104399,-0.299030249113204,0.137286593662786,,0.828972645748282,-0.0457645678770111,0.329927246224535,0.387277887400815,0.0421727627184432,0.00989607497278392,0.0395283653192883,0.262783890801903,0.299363012444486,0.00760966673823711,,-0.644974761527345,-0.0694751294661485,0.0202503485876902,0.00464262355866321,-0.213289121712563,0.0212903298263736,0.21940919340898,0.116450290386527,-0.111720810703852,0.368163229556665,0.356919803837991,,-0.481694831914417,0.3129767263777,0.287006183945307,0.0112788969042817
AZ Quest Investimentos,0.0476436066176468,0.290707136202941,1,-0.174050486872166,0.072324826973266,0.121066664954243,-0.0495085902989117,0.399300632910263,-0.00868138173233337,0.400901447682832,0.050323544507819,0.264552465245466,-0.0672741704241446,0.154690044442648,0.0150341715082829,0.351295485348057,-0.284025919131741,0.00604170487856418,0.000571810293374463,-0.178347518656798,0.0779466718775634,-0.090336213834284,0.0166787969349331,0.0168961290117771,0.308104057380605,0.241449951250563,0.0777258878569243,0.0133458244109921,0.0753107914796034,-0.00221306740954475,0.0358820167631572,-0.0812388798415415,-0.231662286526753,0.320739451691033,0.265458688287058,0.294539519075832,-0.0840375452075347,-0.0976961558207046,-0.151776261093471,0.105748793798865,-0.0532619915090397,0.165552172393508
Absolute Investimentos,0.113448004747629,,-0.174050486872166,1,0.184528926421097,-0.128350441719939,0.263720355264286,0.0633147222393632,,-0.364483384653315,0.0924873120570242,-0.164174734475374,-0.264651616898517,-0.153291990207668,0.0794034995513071,0.192380704885186,-0.130835113995057,-0.673664269268666,-0.128838588931322,0.0518693300145018,0.215312820491788,-0.05055086168102,0.126872131165896,0.307528468046837,-0.0229255328287087,-0.0342185168295124,-0.0955491925064853,-0.210488379482981,-0.295013507553927,-0.0159322284113696,0.812703513391011,-0.0536340333931764,0.0779535054105147,-0.228897608812387,0.0473258943238177,-0.0807983986807638,0.126703239732068,0.190211259659139,0.339287534634109,-0.142622860287393,-0.152786452207365,0.110267688685558
Atmos Capital,-0.0655445612776339,0.331853225486346,0.072324826973266,0.184528926421097,1,0.274662098324766,0.220542125311596,0.0947037560900981,-0.0134532978521819,0.0457259409990072,-0.0284869398814121,-0.130702777511032,-0.172390232027737,0.00101126492489131,0.0364336507223747,-0.0158489043765149,-0.00393702009286992,-0.112018773690982,0.0910176946662571,-0.0165865807840567,-0.200009628380776,-0.0125658766499933,0.080329576013174,0.16521120091983,-0.152449418293872,-0.294779857267834,-0.0512769046376661,0.133717316799265,-0.117983446728895,-0.0305271335411523,0.256093393746077,-0.134747036054914,0.240966490224171,-0.309673878546168,0.0559673670354504,0.0808954643653908,0.158817448461108,0.105640810674022,0.0766001338332513,-0.00940537813040457,0.0633981840265108,0.0844805866991547
BB,0.174261882935028,-0.0548443168312844,0.121066664954243,-0.128350441719939,0.274662098324766,1,0.186279047325214,0.0743530959748025,0.0559791932866624,0.502986181053987,0.133144011262696,0.341451286544741,0.121104433951179,-0.0799517506852472,0.0483452616396206,-0.217239034549794,0.0593597894001903,0.171984836601647,-0.0123174196140862,0.0227311863645301,-0.330530572465071,-0.0924928975224413,-0.197272883996804,0.234884057952295,0.0686711422645731,-0.0736977052061262,-0.0292905405305237,0.251592218831108,-0.0814467730079894,0.0596136609103945,-0.179146877780892,0.0480730033263115,-0.131353687883991,0.306969288965158,-0.0761377282459581,-0.073711441574144,-0.274553785179183,-0.0474660859644977,-0.0745380073679611,0.120376708028835,0.268348941404143,0.387362191062584
BNP Paribas,-0.00320184482580477,0.341505547571109,-0.0495085902989117,0.263720355264286,0.220542125311596,0.186279047325214,1,0.341687498215019,0.0614318632148657,0.176970159117827,0.267137165524015,0.0552197533772428,0.0944874259557616,-0.193818864360199,-0.144645663015912,-0.013740676514579,0.124223999845576,-0.0194684637547365,-0.0600393610637024,0.207150750282554,0.179114245068106,-0.0084092031160561,0.0258916569516248,-0.0177267205555919,-0.255717346105693,-0.0329971462893394,-0.186854173179645,0.285736302957527,-0.062693037552347,0.0501925554623357,0.119108667935535,-0.0664468873697275,0.195974837958665,0.046433124585885,-0.00252384085429413,-0.119924101877593,-0.0267808818560652,-0.0483497501999165,0.0749829532533057,0.0855056727738596,0.0646839128017026,-0.027609946077113
BTG Pactual,-0.00752623681581313,-0.415471975548518,0.399300632910263,0.0633147222393632,0.0947037560900981,0.0743530959748025,0.341687498215019,1,-0.017997612775154,0.431185963789939,0.294239770100697,-0.043556391977009,0.0972256591003242,0.00185416698810075,-0.1725262102381,0.108128425341545,-0.00884685919131464,0.0199981401671398,-0.339816302263475,-0.0478826421365693,0.337564508404146,-0.0538863587358064,0.174131442607999,0.334005552683979,-0.0494950522300978,-0.00308696991438701,0.0535112089652417,0.104570227859921,0.0960434000377187,0.0180702718327543,0.128200949801449,-0.105537948144149,0.100736435099808,0.28938954990482,0.158408239475168,0.122037383680486,0.179086384724093,0.0248156627834912,0.0458213743518661,0.0281872845974548,-0.118061307988096,0.0686992359449403
Bogari Capital,0.399659813197889,-0.00448255322832363,-0.00868138173233337,,-0.0134532978521819,0.0559791932866624,0.0614318632148657,-0.017997612775154,1,0.0545241718426925,0.0881476264008703,-0.0152170904973898,0.0529473349714095,0.00976078883376913,-0.0284164261443349,0.00342486435294508,-0.0101242457637421,-0.00645348691200414,-0.00223775195328919,0.343890608360676,0.0221113646124215,-0.0571508199322359,-0.0172537124396405,0.00753737025061949,-0.0163615731583095,,-0.137265804924137,0.119998358448581,0.0112243003232353,0.24990576280528,0.0237768363871507,-0.0587006407521182,0.0139045036045642,0.041079792481658,0.0258853102318349,-0.0268198993016419,0.055285876459059,,0.0279121308335786,0.0868742419779843,0.195465741798183,0.0114770818376844
Bradesco,0.0840723012093394,0.268401920085379,0.400901447682832,-0.364483384653315,0.0457259409990072,0.502986181053987,0.176970159117827,0.431185963789939,0.0545241718426925,1,0.287571286785958,0.477571523926433,0.457832454162613,0.0181741087528859,-0.0699485342607926,-0.0339270559442208,0.258819415889967,0.389860057270039,-0.0476117289064818,0.0294476039231019,-0.0188371407734866,-0.0578837304280112,-0.10850853658419,-0.0488030649038624,0.192575289059131,0.456982178585178,0.0136232407510708,0.00439847022962915,0.17852653149296,0.0211895349680095,-0.284097464406039,-0.0605231081912526,-0.058374145716829,0.502201291835078,0.0728197324675477,0.124023081888858,-0.187555781825984,-0.25301429506313,-0.154853447343486,0.385083595092661,0.145041154009046,0.00781916174366971
Caixa,0.0392386839552876,0.400569265640631,0.050323544507819,0.0924873120570242,-0.0284869398814121,0.133144011262696,0.267137165524015,0.294239770100697,0.0881476264008703,0.287571286785958,1,0.105304767980652,0.286728619084679,-0.0477296560057691,-0.0158298059308357,0.162949541116546,0.0587999047348299,0.10394187202138,-0.0518284213159243,0.0833936125502798,0.370287940259058,0.111878179039502,0.10220950398737,-0.00160433293193175,0.180684219090993,-0.0543685732100957,-0.166899955482114,-0.191157188995348,-0.0539794433996946,0.159115143944209,0.0278895690267455,-0.0406970281533866,-0.0977995615024209,0.0464609406262102,0.214686755572815,0.0870000277082506,0.00320876571748229,-0.222784820014956,0.0343787568280553,0.603965281791633,-0.108634296101642,-0.179527566742146
Claritas Investimentos,0.178503370138572,0.0137891075104399,0.264552465245466,-0.164174734475374,-0.130702777511032,0.341451286544741,0.0552197533772428,-0.043556391977009,-0.0152170904973898,0.477571523926433,0.105304767980652,1,0.277592040465604,-0.0269974270421951,0.0960713290308432,0.0514755713137047,0.0225753388547597,0.123878995058293,-0.00360604290580518,-0.00866006384232739,-0.10109826952924,-0.178337560408113,-0.0981004219797182,-0.160457183576287,0.180498431439256,0.0783053421046964,0.10048106406234,0.0490566957556654,-0.0367121030063074,-0.057127700278906,-0.126202883473493,0.0661747543834256,-0.404940732822089,0.170579307674085,0.0277735168676514,0.149954692961656,-0.253251451129321,-0.317259529500373,-0.0791106537506443,0.474499193403398,-0.0305348494153095,-0.0143486786245342
Constellation Asset Management,-0.0154101659106696,-0.299030249113204,-0.0672741704241446,-0.264651616898517,-0.172390232027737,0.121104433951179,0.0944874259557616,0.0972256591003242,0.0529473349714095,0.457832454162613,0.286728619084679,0.277592040465604,1,0.0440320005989245,-0.109440656253304,-0.353288631702355,0.642521559962192,0.387564024105065,0.00120666085541974,0.0176238820798762,-0.0760479510843598,-0.0597004078101904,-0.173424298298331,-0.364089322093967,0.00112588049520377,0.254778731262789,-0.199196947482983,-0.209868250042116,0.231028414264325,0.010521352763488,-0.320742738970589,-0.0999352553931724,-0.104331647480954,0.25482273492308,0.0723482778424897,-0.0470270261950589,0.0929439662585812,-0.126052561339894,-0.0574319877431273,0.53931985509495,0.0207491693307572,-0.245178666451985
Credit Suisse,-0.105041303732888,0.137286593662786,0.154690044442648,-0.153291990207668,0.00101126492489131,-0.0799517506852472,-0.193818864360199,0.00185416698810075,0.00976078883376913,0.0181741087528859,-0.0477296560057691,-0.0269974270421951,0.0440320005989245,1,-0.261704122549171,-0.122039721684033,0.0584792533393936,0.154211593085582,0.0926619035373812,-0.0324931068551034,0.218737815649669,-0.00839474018244164,0.634152903840426,0.0665563589897937,-0.045925067045436,-0.018873539624919,0.0687819415717948,-0.267557819309058,0.347011051520766,0.00644395619851071,-0.170204490667851,0.127829601488295,0.250721363275638,-0.045239182838628,0.348909297094689,0.271223760293796,0.387958449550173,0.553771343723598,0.158896911607711,-0.0515031797635258,0.029490516616732,0.184454152579102
Dahlia Capital,0.248754213506219,,0.0150341715082829,0.0794034995513071,0.0364336507223747,0.0483452616396206,-0.144645663015912,-0.1725262102381,-0.0284164261443349,-0.0699485342607926,-0.0158298059308357,0.0960713290308432,-0.109440656253304,-0.261704122549171,1,0.0955908966664483,-0.122431903296998,-0.100443862826242,-0.0420449699389622,-0.0302038469284485,0.111875971939873,0.0625170753141098,-0.292986615707086,0.165674249629177,0.12639975593736,-0.0872118018228139,0.160553894976196,0.19377788645639,-0.384539942180422,0.017733817866571,0.0954150085963098,0.0337744075685498,-0.136519878840855,-0.0587949461973984,-0.0864851312488418,-0.321664894784914,-0.111554879267646,0.0229221364587588,0.0648853907762051,0.102684456579222,0.133695470848141,-0.127257654003047
Daycoval Asset Management,0.0685283996298912,0.828972645748282,0.351295485348057,0.192380704885186,-0.0158489043765149,-0.217239034549794,-0.013740676514579,0.108128425341545,0.00342486435294508,-0.0339270559442208,0.162949541116546,0.0514755713137047,-0.353288631702355,-0.122039721684033,0.0955908966664483,1,-0.268690724458666,-0.305684737660303,-0.092570440845582,-0.059859932937896,0.0672592956485803,0.163849424862609,-0.087710168076787,-0.02896103362279,0.542146542794378,0.0939755536286054,0.0959383778901373,-0.199747279723834,0.0286377513161972,0.00374519813604794,0.293392961352948,0.067640681015088,-0.179917704410406,0.0369034952148037,0.464914490026468,0.195218432819998,-0.125204763682616,-0.130684081218362,-0.0762619882799546,0.104402184801,-0.166804082642096,-0.00991917600255839
Forpus Capital,-0.0436521271601131,-0.0457645678770111,-0.284025919131741,-0.130835113995057,-0.00393702009286992,0.0593597894001903,0.124223999845576,-0.00884685919131464,-0.0101242457637421,0.258819415889967,0.0587999047348299,0.0225753388547597,0.642521559962192,0.0584792533393936,-0.122431903296998,-0.268690724458666,1,0.370387603155044,0.064249406862268,-0.0603753861836671,-0.208837540676768,-0.0244721046113756,-0.21066638644672,-0.242212938060657,-0.0716195592199725,0.10459355363559,-0.0988467545860076,-0.306916718033477,0.215208258097375,-0.0901290169921709,-0.247353218054571,-0.129298641034657,0.162578975000791,0.163428181808338,0.137034070424028,-0.00331947353817214,0.172762843452752,0.215747292555634,0.22700313976521,0.203030304568147,0.0325441980705738,-0.191870608088023
Guepardo Investimentos,-0.0815767394126777,0.329927246224535,0.00604170487856418,-0.673664269268666,-0.112018773690982,0.171984836601647,-0.0194684637547365,0.0199981401671398,-0.00645348691200414,0.389860057270039,0.10394187202138,0.123878995058293,0.387564024105065,0.154211593085582,-0.100443862826242,-0.305684737660303,0.370387603155044,1,0.00602804013684752,-0.0533933138042569,-0.132117296108034,0.00537797585333273,-0.0626717946393103,-0.319184959863393,0.0271591046396984,0.434301961002874,0.0913316388749663,0.0248949585331394,0.441165844660476,0.0123031382395528,-0.647257604837923,0.0974644186702462,0.0479515524015036,0.145259166908089,-0.0214616359037249,0.213223315550903,-0.0836647247439094,-0.176949101486281,-0.0750154930895511,0.361024289648636,0.150494553155936,-0.144265001484886
Gávea Investimentos,-0.125032614884121,0.387277887400815,0.000571810293374463,-0.128838588931322,0.0910176946662571,-0.0123174196140862,-0.0600393610637024,-0.339816302263475,-0.00223775195328919,-0.0476117289064818,-0.0518284213159243,-0.00360604290580518,0.00120666085541974,0.0926619035373812,-0.0420449699389622,-0.092570440845582,0.064249406862268,0.00602804013684752,1,0.0618776952145567,-0.0281936351653176,0.12126710424877,-0.0233484811716692,-0.265737410901929,-0.0590750583932736,-0.440874696962833,-0.0719807221708767,-0.0501879585152592,0.0029946021266814,-0.115882250230524,-0.029299509901963,-0.00745995784754031,-0.0244417556714527,-0.0563214227461155,0.0439905910856799,0.0465441457594692,0.0699712359915912,0.104790464915225,-0.0273998951453039,0.0344681089734052,0.0304369427157864,-0.125267989518704
Ibiuna Investimentos,0.376371019275874,0.0421727627184432,-0.178347518656798,0.0518693300145018,-0.0165865807840567,0.0227311863645301,0.207150750282554,-0.0478826421365693,0.343890608360676,0.0294476039231019,0.0833936125502798,-0.00866006384232739,0.0176238820798762,-0.0324931068551034,-0.0302038469284485,-0.059859932937896,-0.0603753861836671,-0.0533933138042569,0.0618776952145567,1,0.0908116762186559,-0.0838837720938039,0.051871076664153,-0.075465414517543,-0.0610049726456156,-0.00187220856152154,-0.050515693797626,0.152652007885014,-0.0374909454542874,0.129752420857299,0.0313925261807011,-0.00726961615812696,0.0301105367080264,-0.211067949542903,0.138881013204923,-0.4245192634819,-0.233350801955476,-0.0627770324584773,0.0242282657740867,0.0598866875713905,0.0259934759688372,-0.0171674717199038
Itaú,-0.0128525043908033,0.00989607497278392,0.0779466718775634,0.215312820491788,-0.200009628380776,-0.330530572465071,0.179114245068106,0.337564508404146,0.0221113646124215,-0.0188371407734866,0.370287940259058,-0.10109826952924,-0.0760479510843598,0.218737815649669,0.111875971939873,0.0672592956485803,-0.208837540676768,-0.132117296108034,-0.0281936351653176,0.0908116762186559,1,0.0594269025758613,0.374843074163419,0.0623180639410124,-0.106055903046123,0.322041720386019,0.253395491227098,-0.0334380844388914,-0.0830343948355171,0.0368315107400934,0.334446745234147,-0.00244677574372921,0.0877366106790582,-0.00658129875241892,-0.00895180454121517,0.109503456614455,0.220882222526386,0.123186585064267,0.277740645669855,0.175595873044853,-0.234409806721045,-0.207862681691019
JGP,-0.17575092421555,0.0395283653192883,-0.090336213834284,-0.05055086168102,-0.0125658766499933,-0.0924928975224413,-0.0084092031160561,-0.0538863587358064,-0.0571508199322359,-0.0578837304280112,0.111878179039502,-0.178337560408113,-0.0597004078101904,-0.00839474018244164,0.0625170753141098,0.163849424862609,-0.0244721046113756,0.00537797585333273,0.12126710424877,-0.0838837720938039,0.0594269025758613,1,0.186172216004803,-0.161284393936487,-0.00761181588194986,-0.34718514678006,0.111080554789166,-0.0957381521444832,-0.0766041830892711,-0.125302383543907,0.0106871230939569,0.0267366470325324,-0.198166437107017,-0.116404319691316,-0.0244824798042456,-0.0594905601861254,0.14080742002459,0.0217877298087538,0.112043036856136,0.0297345676647827,-0.0327309774823057,-0.128752543232763
Julius Baer Family Office,-0.0685141013772975,0.262783890801903,0.0166787969349331,0.126872131165896,0.080329576013174,-0.197272883996804,0.0258916569516248,0.174131442607999,-0.0172537124396405,-0.10850853658419,0.10220950398737,-0.0981004219797182,-0.173424298298331,0.634152903840426,-0.292986615707086,-0.087710168076787,-0.21066638644672,-0.0626717946393103,-0.0233484811716692,0.051871076664153,0.374843074163419,0.186172216004803,1,0.149122973964859,-0.314575414959219,-0.130128247302513,0.0894296479980481,-0.128088852317631,0.109635883396094,0.0210860706964531,0.153464704576185,0.377500027948013,0.306427940446306,-0.160855392632318,0.0843842962059303,0.248965225744085,0.409678621135857,0.316631106424877,0.211737008627929,-0.109835690021975,-0.126936458965569,0.103850975603512
Kapitalo Investimentos,0.0400290132976639,0.299363012444486,0.0168961290117771,0.307528468046837,0.16521120091983,0.234884057952295,-0.0177267205555919,0.334005552683979,0.00753737025061949,-0.0488030649038624,-0.00160433293193175,-0.160457183576287,-0.364089322093967,0.0665563589897937,0.165674249629177,-0.02896103362279,-0.242212938060657,-0.319184959863393,-0.265737410901929,-0.075465414517543,0.0623180639410124,-0.161284393936487,0.149122973964859,1,-0.00877853576307622,0.165366747174397,-0.112045887349878,0.0142887617569133,-0.173497999344323,0.00339534401177984,0.202603393487115,-0.104310340234311,0.185154822265278,0.0524951430491082,-0.027093886702987,-0.129696054074103,0.0464161654650701,0.318121872858916,0.0391261443579912,-0.405281721065439,-0.122234942810506,0.45576846375635
Kinea Investimentos,0.0623986568819081,0.00760966673823711,0.308104057380605,-0.0229255328287087,-0.152449418293872,0.0686711422645731,-0.255717346105693,-0.0494950522300978,-0.0163615731583095,0.192575289059131,0.180684219090993,0.180498431439256,0.00112588049520377,-0.045925067045436,0.12639975593736,0.542146542794378,-0.0716195592199725,0.0271591046396984,-0.0590750583932736,-0.0610049726456156,-0.106055903046123,-0.00761181588194986,-0.314575414959219,-0.00877853576307622,1,0.239358669619537,0.00951705919486886,-0.350520890152121,0.040767573152069,0.0131903554057331,-3.77804945275099e-05,0.0438209042340587,-0.23493172897908,0.214390596818683,0.490667221127466,0.166911303992634,-0.471489632075332,-0.101852962173531,-0.232466293487183,0.264272670207933,-0.124414982564075,0.0528792721710211
Legacy Capital,0.0453101190911872,,0.241449951250563,-0.0342185168295124,-0.294779857267834,-0.0736977052061262,-0.0329971462893394,-0.00308696991438701,,0.456982178585178,-0.0543685732100957,0.0783053421046964,0.254778731262789,-0.018873539624919,-0.0872118018228139,0.0939755536286054,0.10459355363559,0.434301961002874,-0.440874696962833,-0.00187220856152154,0.322041720386019,-0.34718514678006,-0.130128247302513,0.165366747174397,0.239358669619537,1,,-0.190867217091745,0.515837527282222,-0.149235552042035,0.0266258951940756,-0.241537893660707,0.0855006369824111,0.473222767956589,-0.0556159501896295,0.381232544076115,-0.27497523957027,-0.120776645633875,0.145998307857235,0.0964245090085488,-0.426734306444805,-0.0609385116585314
Núcleo Capital,-0.110155102453455,-0.644974761527345,0.0777258878569243,-0.0955491925064853,-0.0512769046376661,-0.0292905405305237,-0.186854173179645,0.0535112089652417,-0.137265804924137,0.0136232407510708,-0.166899955482114,0.10048106406234,-0.199196947482983,0.0687819415717948,0.160553894976196,0.0959383778901373,-0.0988467545860076,0.0913316388749663,-0.0719807221708767,-0.050515693797626,0.253395491227098,0.111080554789166,0.0894296479980481,-0.112045887349878,0.00951705919486886,,1,-0.0112229961427336,-0.0327435644203247,-0.193877386662638,0.152585025815197,0.216578794753181,-0.19212038778905,-0.076146055656866,-0.0859437009202404,0.187676312407229,-0.0537224330957682,0.0078083211109546,0.206048141084924,0.0917040008789262,-0.0771764505337392,-0.0865512644899421
Occam Brasil,0.170585917838877,-0.0694751294661485,0.0133458244109921,-0.210488379482981,0.133717316799265,0.251592218831108,0.285736302957527,0.104570227859921,0.119998358448581,0.00439847022962915,-0.191157188995348,0.0490566957556654,-0.209868250042116,-0.267557819309058,0.19377788645639,-0.199747279723834,-0.306916718033477,0.0248949585331394,-0.0501879585152592,0.152652007885014,-0.0334380844388914,-0.0957381521444832,-0.128088852317631,0.0142887617569133,-0.350520890152121,-0.190867217091745,-0.0112229961427336,1,-0.0953820846545058,0.398735687454192,-0.133473040398173,-0.00442934907544821,0.0474927089763769,-0.12259441689084,-0.389195772805227,-0.23193096789089,-0.0502824688475796,-0.283017622154293,-0.0947337906132648,-0.137598599035596,0.305765383858364,-0.0737500729633447
Opportunity,-0.0696724441759171,0.0202503485876902,0.0753107914796034,-0.295013507553927,-0.117983446728895,-0.0814467730079894,-0.062693037552347,0.0960434000377187,0.0112243003232353,0.17852653149296,-0.0539794433996946,-0.0367121030063074,0.231028414264325,0.347011051520766,-0.384539942180422,0.0286377513161972,0.215208258097375,0.441165844660476,0.0029946021266814,-0.0374909454542874,-0.0830343948355171,-0.0766041830892711,0.109635883396094,-0.173497999344323,0.040767573152069,0.515837527282222,-0.0327435644203247,-0.0953820846545058,1,0.103624486861539,-0.380153101201897,0.179995882530603,0.193481292990246,0.139779195405672,0.0752490191097397,0.259612327004518,-0.0560192223671316,0.0104304782066634,-0.146118275213196,0.042757129747307,0.0666682529060553,-0.0985309197482695
Plural,0.251014828092642,0.00464262355866321,-0.00221306740954475,-0.0159322284113696,-0.0305271335411523,0.0596136609103945,0.0501925554623357,0.0180702718327543,0.24990576280528,0.0211895349680095,0.159115143944209,-0.057127700278906,0.010521352763488,0.00644395619851071,0.017733817866571,0.00374519813604794,-0.0901290169921709,0.0123031382395528,-0.115882250230524,0.129752420857299,0.0368315107400934,-0.125302383543907,0.0210860706964531,0.00339534401177984,0.0131903554057331,-0.149235552042035,-0.193877386662638,0.398735687454192,0.103624486861539,1,0.00511034436340642,0.00148633926441162,0.244811783965316,-0.0165716602321319,0.0285298685870208,-0.0225523016798476,0.0298499099739998,-0.0314399912480004,-0.160741017562343,0.0989635931479472,0.0376467677032303,-0.00013206848795062
Real Investor,0.00940254533672333,-0.213289121712563,0.0358820167631572,0.812703513391011,0.256093393746077,-0.179146877780892,0.119108667935535,0.128200949801449,0.0237768363871507,-0.284097464406039,0.0278895690267455,-0.126202883473493,-0.320742738970589,-0.170204490667851,0.0954150085963098,0.293392961352948,-0.247353218054571,-0.647257604837923,-0.029299509901963,0.0313925261807011,0.334446745234147,0.0106871230939569,0.153464704576185,0.202603393487115,-3.77804945275099e-05,0.0266258951940756,0.152585025815197,-0.133473040398173,-0.380153101201897,0.00511034436340642,1,-0.0606677284346472,-0.056314950451314,-0.112570246431543,0.00259939569666545,0.0926055568730039,0.128399225489964,0.151176955738467,0.151784394794012,-0.0271788761154616,-0.275073840122466,0.036489174011872
SPX Capital,0.0342144074128871,0.0212903298263736,-0.0812388798415415,-0.0536340333931764,-0.134747036054914,0.0480730033263115,-0.0664468873697275,-0.105537948144149,-0.0587006407521182,-0.0605231081912526,-0.0406970281533866,0.0661747543834256,-0.0999352553931724,0.127829601488295,0.0337744075685498,0.067640681015088,-0.129298641034657,0.0974644186702462,-0.00745995784754031,-0.00726961615812696,-0.00244677574372921,0.0267366470325324,0.377500027948013,-0.104310340234311,0.0438209042340587,-0.241537893660707,0.216578794753181,-0.00442934907544821,0.179995882530603,0.00148633926441162,-0.0606677284346472,1,0.133700798431235,-0.0834542273649582,0.00775747081591597,0.108662276558468,-0.196143613453242,0.0222189113807806,-0.126983618176112,0.0285332339111886,0.125008622046641,-0.0232901213227457
Safra,-0.0632618947292049,0.21940919340898,-0.231662286526753,0.0779535054105147,0.240966490224171,-0.131353687883991,0.195974837958665,0.100736435099808,0.0139045036045642,-0.058374145716829,-0.0977995615024209,-0.404940732822089,-0.104331647480954,0.250721363275638,-0.136519878840855,-0.179917704410406,0.162578975000791,0.0479515524015036,-0.0244417556714527,0.0301105367080264,0.0877366106790582,-0.198166437107017,0.306427940446306,0.185154822265278,-0.23493172897908,0.0855006369824111,-0.19212038778905,0.0474927089763769,0.193481292990246,0.244811783965316,-0.056314950451314,0.133700798431235,1,-0.0607963632663865,0.0245509605228896,-0.0441526907654248,0.227378874433231,0.448412809705211,0.156406094918304,-0.351668254804085,0.116192077587562,0.0425263193199293
Santander,0.043219042722165,0.116450290386527,0.320739451691033,-0.228897608812387,-0.309673878546168,0.306969288965158,0.046433124585885,0.28938954990482,0.041079792481658,0.502201291835078,0.0464609406262102,0.170579307674085,0.25482273492308,-0.045239182838628,-0.0587949461973984,0.0369034952148037,0.163428181808338,0.145259166908089,-0.0563214227461155,-0.211067949542903,-0.00658129875241892,-0.116404319691316,-0.160855392632318,0.0524951430491082,0.214390596818683,0.473222767956589,-0.076146055656866,-0.12259441689084,0.139779195405672,-0.0165716602321319,-0.112570246431543,-0.0834542273649582,-0.0607963632663865,1,0.143414282755055,0.133808159641584,-0.204692930959816,0.0745248042978623,-0.219093586137118,-0.0379288937282245,0.0720894406158603,0.271023200851666
Sharp Capital,0.0123177779290865,-0.111720810703852,0.265458688287058,0.0473258943238177,0.0559673670354504,-0.0761377282459581,-0.00252384085429413,0.158408239475168,0.0258853102318349,0.0728197324675477,0.214686755572815,0.0277735168676514,0.0723482778424897,0.348909297094689,-0.0864851312488418,0.464914490026468,0.137034070424028,-0.0214616359037249,0.0439905910856799,0.138881013204923,-0.00895180454121517,-0.0244824798042456,0.0843842962059303,-0.027093886702987,0.490667221127466,-0.0556159501896295,-0.0859437009202404,-0.389195772805227,0.0752490191097397,0.0285298685870208,0.00259939569666545,0.00775747081591597,0.0245509605228896,0.143414282755055,1,0.157320235204656,-0.0337121668185706,0.309667865070093,-0.0334832798222764,0.1663660022693,-0.172420288761702,0.19228127962154
Squadra Investimentos,-0.0570698831089767,0.368163229556665,0.294539519075832,-0.0807983986807638,0.0808954643653908,-0.073711441574144,-0.119924101877593,0.122037383680486,-0.0268198993016419,0.124023081888858,0.0870000277082506,0.149954692961656,-0.0470270261950589,0.271223760293796,-0.321664894784914,0.195218432819998,-0.00331947353817214,0.213223315550903,0.0465441457594692,-0.4245192634819,0.109503456614455,-0.0594905601861254,0.248965225744085,-0.129696054074103,0.166911303992634,0.381232544076115,0.187676312407229,-0.23193096789089,0.259612327004518,-0.0225523016798476,0.0926055568730039,0.108662276558468,-0.0441526907654248,0.133808159641584,0.157320235204656,1,0.142569063854173,-0.0501502174495214,0.000320467764868914,0.213735979234305,-0.205652890504146,-0.0696955360150134
TNA Gestão Patrimonial,-0.134041097647192,0.356919803837991,-0.0840375452075347,0.126703239732068,0.158817448461108,-0.274553785179183,-0.0267808818560652,0.179086384724093,0.055285876459059,-0.187555781825984,0.00320876571748229,-0.253251451129321,0.0929439662585812,0.387958449550173,-0.111554879267646,-0.125204763682616,0.172762843452752,-0.0836647247439094,0.0699712359915912,-0.233350801955476,0.220882222526386,0.14080742002459,0.409678621135857,0.0464161654650701,-0.471489632075332,-0.27497523957027,-0.0537224330957682,-0.0502824688475796,-0.0560192223671316,0.0298499099739998,0.128399225489964,-0.196143613453242,0.227378874433231,-0.204692930959816,-0.0337121668185706,0.142569063854173,1,0.297051661153681,0.414082415054748,-0.0476864707295007,-0.0382786649094558,-0.0867235502019473
Truxt Investimentos,-0.157494833651177,,-0.0976961558207046,0.190211259659139,0.105640810674022,-0.0474660859644977,-0.0483497501999165,0.0248156627834912,,-0.25301429506313,-0.222784820014956,-0.317259529500373,-0.126052561339894,0.553771343723598,0.0229221364587588,-0.130684081218362,0.215747292555634,-0.176949101486281,0.104790464915225,-0.0627770324584773,0.123186585064267,0.0217877298087538,0.316631106424877,0.318121872858916,-0.101852962173531,-0.120776645633875,0.0078083211109546,-0.283017622154293,0.0104304782066634,-0.0314399912480004,0.151176955738467,0.0222189113807806,0.448412809705211,0.0745248042978623,0.309667865070093,-0.0501502174495214,0.297051661153681,1,0.238822331451621,-0.401050454862229,0.040598095270645,0.304397275776531
Verde Asset Management,0.134152651329339,-0.481694831914417,-0.151776261093471,0.339287534634109,0.0766001338332513,-0.0745380073679611,0.0749829532533057,0.0458213743518661,0.0279121308335786,-0.154853447343486,0.0343787568280553,-0.0791106537506443,-0.0574319877431273,0.158896911607711,0.0648853907762051,-0.0762619882799546,0.22700313976521,-0.0750154930895511,-0.0273998951453039,0.0242282657740867,0.277740645669855,0.112043036856136,0.211737008627929,0.0391261443579912,-0.232466293487183,0.145998307857235,0.206048141084924,-0.0947337906132648,-0.146118275213196,-0.160741017562343,0.151784394794012,-0.126983618176112,0.156406094918304,-0.219093586137118,-0.0334832798222764,0.000320467764868914,0.414082415054748,0.238822331451621,1,-0.0493262383843549,-0.0105421043417077,-0.045310070963298
Vinci Partners,0.00526225890472774,0.3129767263777,0.105748793798865,-0.142622860287393,-0.00940537813040457,0.120376708028835,0.0855056727738596,0.0281872845974548,0.0868742419779843,0.385083595092661,0.603965281791633,0.474499193403398,0.53931985509495,-0.0515031797635258,0.102684456579222,0.104402184801,0.203030304568147,0.361024289648636,0.0344681089734052,0.0598866875713905,0.175595873044853,0.0297345676647827,-0.109835690021975,-0.405281721065439,0.264272670207933,0.0964245090085488,0.0917040008789262,-0.137598599035596,0.042757129747307,0.0989635931479472,-0.0271788761154616,0.0285332339111886,-0.351668254804085,-0.0379288937282245,0.1663660022693,0.213735979234305,-0.0476864707295007,-0.401050454862229,-0.0493262383843549,1,-0.143978803364317,-0.327000587050808
Western Asset,0.0722985926111107,0.287006183945307,-0.0532619915090397,-0.152786452207365,0.0633981840265108,0.268348941404143,0.0646839128017026,-0.118061307988096,0.195465741798183,0.145041154009046,-0.108634296101642,-0.0305348494153095,0.0207491693307572,0.029490516616732,0.133695470848141,-0.166804082642096,0.0325441980705738,0.150494553155936,0.0304369427157864,0.0259934759688372,-0.234409806721045,-0.0327309774823057,-0.126936458965569,-0.122234942810506,-0.124414982564075,-0.426734306444805,-0.0771764505337392,0.305765383858364,0.0666682529060553,0.0376467677032303,-0.275073840122466,0.125008622046641,0.116192077587562,0.0720894406158603,-0.172420288761702,-0.205652890504146,-0.0382786649094558,0.040598095270645,-0.0105421043417077,-0.143978803364317,1,0.0160841214971288
XP,0.0396929474910848,0.0112788969042817,0.165552172393508,0.110267688685558,0.0844805866991547,0.387362191062584,-0.027609946077113,0.0686992359449403,0.0114770818376844,0.00781916174366971,-0.179527566742146,-0.0143486786245342,-0.245178666451985,0.184454152579102,-0.127257654003047,-0.00991917600255839,-0.191870608088023,-0.144265001484886,-0.125267989518704,-0.0171674717199038,-0.207862681691019,-0.128752543232763,0.103850975603512,0.45576846375635,0.0528792721710211,-0.0609385116585314,-0.0865512644899421,-0.0737500729633447,-0.0985309197482695,-0.00013206848795062,0.036489174011872,-0.0232901213227457,0.0425263193199293,0.271023200851666,0.19228127962154,-0.0696955360150134,-0.0867235502019473,0.304397275776531,-0.045310070963298,-0.327000587050808,0.0160841214971288,1
