gestora,ARX Investimentos,AZ Legan,AZ Quest Investimentos,Absolute Investimentos,Atmos Capital,BB,BNP Paribas,BTG Pactual,Bogari Capital,Bradesco,Caixa,Claritas Investimentos,Constellation Asset Management,Credit Suisse,Dahlia Capital,Daycoval Asset Management,Forpus Capital,Guepardo Investimentos,Gávea Investimentos,Ibiuna Investimentos,Itaú,JGP,Julius Baer Family Office,Kapitalo Investimentos,Kinea Investimentos,Legacy Capital,Núcleo Capital,Occam Brasil,Opportunity,Plural,Real Investor,SPX Capital,Safra,Santander,Sharp Capital,Squadra Investimentos,TNA Gestão Patrimonial,Truxt Investimentos,Verde Asset Management,Vinci Partners,Western Asset,XP
ARX Investimentos,1,0.0491696009827567,0.00218102211025512,0.226222897913285,-0.0520998328361457,0.146491796578296,0.0370405349474178,0.00669956149926418,0.411097835379164,0.0538943800908631,0.119775430220101,0.152440777627077,-0.0226495241425199,-0.105715936639318,0.203361197079733,0.0578680600603769,-0.0288017101414076,-0.108978195179948,-0.126567125431592,0.384818923801833,-0.00817122743404619,-0.147994780069452,-0.0842700321257999,0.0364453468611544,0.0630571440392179,-0.0920776847715961,-0.0120768951807131,0.19911627038873,-0.0242162431915557,0.359216292138637,-0.0211683166757997,0.0514920560828368,-0.0788876553474958,0.0284112354647628,0.00460286733759068,0.000890578080269004,-0.101796186605802,-0.139883901186412,0.196887049369925,0.11310183475226,0.060658622094423,0.035949234317446
AZ Legan,0.0491696009827567,1,0.320045020094323,,0.358032434628522,0.021715017221074,0.336743832029446,-0.0186049717334296,-0.00807805065324722,0.383717661343619,-0.209774297214238,-0.213767492217352,-0.0574198400867255,0.0392111299835217,,0.837526239027766,-0.0215234676763578,0.318635747570174,0.420444310356388,0.0392929443491267,-0.0996545010773641,0.0295404718018393,0.187972720747686,0.146089827973654,-0.0424638074445009,,-0.627008626301075,-0.0135792261280603,0.0595682184458182,0.0925740080961667,-0.158176637080483,-0.139205692204933,0.224948527594195,0.0179675975937564,-0.185161026528465,-0.480821237967544,0.17092242097489,,-0.26906319372959,-0.290906034330838,0.266473752236282,-0.167173175415128
AZ Quest Investimentos,0.00218102211025512,0.320045020094323,1,-0.117422522351087,-6.66821760000368e-05,0.0155172494498231,-0.108422540032725,0.47023224166919,0.00410419318968083,0.336094217251581,-0.0430630422582722,0.203530768590147,-0.093061531752067,0.159699810094531,-0.089203936099041,0.40241016670821,-0.303415247754638,0.0192651079806794,-0.0566202154284544,-0.117192524999137,-0.00970242418706131,-0.0720735143581847,0.069590527271488,-0.0416561382902958,0.287073434640362,-0.196631837458033,0.0891477401250105,0.074400494405208,0.136625687145598,0.00067297854621198,0.0334843802849335,0.0320154636752671,-0.260165292092098,0.24337050650795,0.318674525604777,0.403861516331969,-0.0598924099494322,-0.21502934716939,-0.048612612339251,-0.0107580243971408,-0.142408361780099,0.13070478958571
Absolute Investimentos,0.226222897913285,,-0.117422522351087,1,0.179291018845891,-0.130764892986073,0.216156732878695,0.0581217757565601,,-0.395232692934844,0.225328369470809,-0.171676681405826,-0.271928601921997,-0.127721313407068,0.0993310671373608,0.227650018374784,-0.132335447506661,-0.67202168347945,-0.128597920535706,0.0448566452788047,0.265937518538303,-0.0445826421674158,0.133147270658784,0.33833740528639,-0.0151044462005752,0.0141828758176704,-0.0932087456387406,-0.285917362117633,-0.294893027202391,-0.0168772265923235,0.623185285245301,-0.0194425353583044,0.0754615935538277,-0.220189856226628,0.0478504054511169,-0.109393828486424,0.104656395779613,0.227553225802009,0.30432695336704,-0.132548041053481,-0.14554652048802,0.124251001697244
Atmos Capital,-0.0520998328361457,0.358032434628522,-6.66821760000368e-05,0.179291018845891,1,0.252679459977393,0.255032084674741,0.0677327071021294,-0.00622628684911401,0.0275560008400369,0.0578423835005382,-0.135683747184491,-0.180157618566142,-9.87250648999905e-05,0.032949165517661,0.031108296183306,-0.00256514436748314,-0.112283823721321,0.0848833062579197,-0.0141464723295244,-0.257106112156205,-0.0105938995390952,0.0647216909703859,0.164621314414568,-0.152584800746508,-0.400629268462695,-0.052324826340345,0.067955258364236,-0.131151432227538,-0.0171237988572153,0.496894668291232,-0.12335807766946,0.236617667989216,-0.320982293766143,0.0536320194030028,-0.0827994335578364,0.136784452530674,0.0919047297873555,0.00916056497270696,-0.0659627157147238,0.0516744542623072,0.0714841599615113
BB,0.146491796578296,0.021715017221074,0.0155172494498231,-0.130764892986073,0.252679459977393,1,0.184316116040885,0.0548546556729372,0.0574644403742869,0.505316153521302,0.302923942596105,0.332469702825263,0.116158675447624,-0.0972922468503647,0.071201377009984,-0.301792283212157,0.082927814231981,0.188171842442164,-0.00667730505392626,0.0135824314609785,-0.337548329083874,-0.0924159610435177,-0.178011662050318,0.283095404263228,0.0665885961611504,-0.266877010142009,-0.0202463365079094,0.124291140886568,-0.0370040325914108,0.0704217163848116,-0.0497359322556411,0.0873653344014967,-0.130863150552166,0.291465989638448,-0.101016482206756,-0.075369844686185,-0.270012445047395,-0.0868493930561195,-0.0602599292821131,0.212782085372788,0.247395877062157,0.384723041456526
BNP Paribas,0.0370405349474178,0.336743832029446,-0.108422540032725,0.216156732878695,0.255032084674741,0.184316116040885,1,0.261985765763257,0.0454285031576625,0.161386874575476,0.180001504218355,0.0397213338723154,0.0147918545712495,-0.235232810721592,-0.121604693071275,0.0109192456496145,0.126869732995584,-0.0147521507186573,-0.0595129384946546,0.214483247103935,0.103038228627547,-0.0336950962994638,0.0412993908342632,-0.0324869387646249,-0.242296387933136,-0.105117463584311,-0.163091618168453,0.261339820942846,-0.0416730550979007,-0.02829073637219,0.0731279636470344,0.0664362499760719,0.27316119004973,0.0446634023536849,-0.00150446275837168,-0.262957800626748,-0.100007344195193,-0.0643369016428468,0.262097837747467,-0.0921487250006875,0.150209201797049,-0.023624844918146
BTG Pactual,0.00669956149926418,-0.0186049717334296,0.47023224166919,0.0581217757565601,0.0677327071021294,0.0548546556729372,0.261985765763257,1,-0.00649764938672104,0.389372220384454,0.18562125400074,-0.0220990996191484,0.0531314198974169,0.0420370319675268,-0.189841916521562,0.116082288101815,-0.0115861352292104,0.0206912012044614,-0.27994940744194,-0.0634838043607118,0.203336924434683,-0.00875066794584838,0.252306292519472,0.116580061613938,-0.0243583443117769,-0.11589225405805,0.0635439503273192,0.0986082780684526,0.0956593027632168,-0.0481553319088195,0.0469936259714025,0.147964619859557,0.0431789423361433,0.248140209408811,0.138300603609845,0.0421388097904043,0.100797411968757,0.00959574013084836,0.153329735058032,-0.0678791599863037,-0.138436843471352,0.00420177315757579
Bogari Capital,0.411097835379164,-0.00807805065324722,0.00410419318968083,,-0.00622628684911401,0.0574644403742869,0.0454285031576625,-0.00649764938672104,1,0.0406372155999378,0.0696290282166254,-0.0245178618463918,0.0523833367691147,0.00398772654193235,-0.0277371598294802,0.00367474324165522,-0.00903461661570582,-0.00499258161928281,-0.0019258698898474,0.344880351347462,0.0360944146654252,-0.055089020502921,-0.0325770331558846,0.0187050334157791,-0.00029003137861227,,-0.134483196935772,0.110936121733022,0.0124862532488218,0.198922842039128,0.0315341822753491,-0.0526353273267296,0.00986637157803382,0.0424544636744984,0.0100567408764349,-0.0203364672006234,0.0539090279141131,,-0.0251217032317136,0.067003329188122,0.174953897968394,0.0146811416939165
Bradesco,0.0538943800908631,0.383717661343619,0.336094217251581,-0.395232692934844,0.0275560008400369,0.505316153521302,0.161386874575476,0.389372220384454,0.0406372155999378,1,0.262720446698765,0.472157861803685,0.492601241148623,0.0197862201313414,-0.160856674426531,-0.149439888317535,0.327951066876214,0.408018270751112,0.000415150330624706,0.0339740989893692,-0.209938840234756,-0.0458496441728721,-0.105030758426736,-0.125337227411814,0.158994453300642,-0.103093186575524,-0.0208883443577134,0.0012200335076916,0.234756070131069,0.0284530539413103,-0.181165516581119,-0.0347410416336783,-0.0541976299303993,0.531571421530359,0.0844783847781435,0.351668274713098,-0.131502282311496,-0.207965966098196,-0.065600018301735,0.283586642919813,0.102832599400344,0.0392472563013863
Caixa,0.119775430220101,-0.209774297214238,-0.0430630422582722,0.225328369470809,0.0578423835005382,0.302923942596105,0.180001504218355,0.18562125400074,0.0696290282166254,0.262720446698765,1,0.225757808962918,0.222227315910027,-0.181839831284183,-0.0169044812378307,-0.0247962389080132,0.0845371852901688,-0.0401182856587574,-0.144936988428752,0.124073883779081,0.230624926034572,-0.00502326076755523,0.0177428228552918,-0.0563779485475999,0.143001432962027,0.465025672880485,0.0321222725333914,-0.164857711645875,0.119786910298459,0.0198918993243022,0.232360796883647,0.143700869526694,-0.0946718785620432,0.0956966601785546,-0.0283458762379778,0.0693841440961019,-0.263859314933826,-0.168923899195301,0.0205760693351877,0.657589237998297,-0.00782734175136039,-0.105396373515065
Claritas Investimentos,0.152440777627077,-0.213767492217352,0.203530768590147,-0.171676681405826,-0.135683747184491,0.332469702825263,0.0397213338723154,-0.0220990996191484,-0.0245178618463918,0.472157861803685,0.225757808962918,1,0.276443522646538,-0.0843253755063239,0.00513015556081828,0.00174481610102401,0.0162390086275564,0.124793943512848,0.0144034509448849,0.0170285938020564,-0.126503365957886,-0.119995913144197,-0.119223450121921,-0.147595483215783,0.178808604398437,-0.234486171258219,0.107585040815627,0.0807831883462353,0.0544168966601145,-0.0405842461637523,-0.105421292888502,0.0321511698057155,-0.413709951716319,0.148481690975061,0.0324879341890608,0.325021884044215,-0.251300176994317,-0.392473538464048,-0.0333933973193489,0.447513475561413,-0.0979743354806257,-0.0145172879350998
Constellation Asset Management,-0.0226495241425199,-0.0574198400867255,-0.093061531752067,-0.271928601921997,-0.180157618566142,0.116158675447624,0.0147918545712495,0.0531314198974169,0.0523833367691147,0.492601241148623,0.222227315910027,0.276443522646538,1,0.0406668338744367,-0.0796525126585268,-0.365379064895718,0.651247647903388,0.389487881783703,0.0400091495621019,0.0301809454464485,-0.0386854380638488,-0.0538246558818135,-0.154979325795301,-0.393052839113127,0.0013134357694465,0.408772365363849,-0.202674729311246,-0.19611637311488,0.248309183753223,0.00332011739303243,-0.329895926094996,-0.123347119747642,-0.104586955926178,0.251782825682139,0.0658312024546003,0.161128523784629,0.146429722368114,-0.101470179276676,-0.0220503259723953,0.421918813485743,-0.054255349336419,-0.238389802897115
Credit Suisse,-0.105715936639318,0.0392111299835217,0.159699810094531,-0.127721313407068,-9.87250648999905e-05,-0.0972922468503647,-0.235232810721592,0.0420370319675268,0.00398772654193235,0.0197862201313414,-0.181839831284183,-0.0843253755063239,0.0406668338744367,1,-0.33318376392087,-0.0337728649183866,0.0960446060121217,0.136274944529043,0.0675863620958531,-0.0372992123190306,0.272959708266527,-0.00532213756434754,0.644312354389131,0.0770357263174173,-0.0681319867328305,0.100130141461243,0.0659970728532821,-0.268243419011847,0.353310117612985,0.00927866710066171,-0.00169596230595763,0.121832048256251,0.295666640030308,-0.0655227862334276,0.370332509884218,0.307394580559751,0.457242692023768,0.567017632987025,0.102441558105173,-0.30521406938917,-0.0655256559125731,0.193344909915725
Dahlia Capital,0.203361197079733,,-0.089203936099041,0.0993310671373608,0.032949165517661,0.071201377009984,-0.121604693071275,-0.189841916521562,-0.0277371598294802,-0.160856674426531,-0.0169044812378307,0.00513015556081828,-0.0796525126585268,-0.33318376392087,1,0.0573142778093038,-0.0167901028242593,-0.0856994889442839,-0.0150166982180103,-0.0507405861525302,-0.00216540424728711,0.0679460896340261,-0.382743791949212,0.0870655434623755,0.105942791394134,-0.190563646696028,0.155901933001189,0.180556607698048,-0.352242580138921,0.0449120885727784,0.0817669769468403,0.121020452728946,-0.0993557825461106,-0.104781016270268,-0.110767297033886,-0.34568084257995,-0.158009587100297,0.0648303306174045,-0.0400954932928723,0.119942120081492,0.231835723381214,-0.155803548439933
Daycoval Asset Management,0.0578680600603769,0.837526239027766,0.40241016670821,0.227650018374784,0.031108296183306,-0.301792283212157,0.0109192456496145,0.116082288101815,0.00367474324165522,-0.149439888317535,-0.0247962389080132,0.00174481610102401,-0.365379064895718,-0.0337728649183866,0.0573142778093038,1,-0.253037909938882,-0.335974506693023,-0.065605290742391,-0.0652039511515024,-0.0155329675099624,0.167733601814755,-0.0426507905123906,-0.10168924303206,0.475226283611862,-0.0820538659813745,0.0953847980188629,-0.190864324725948,-0.00391528243200105,0.0138714157831081,0.380165699391306,0.0640143730280688,-0.160092694372987,-0.00614444899317532,0.518154592047159,0.217593143865681,-0.0539573820208822,0.00394222676574533,-0.0165838231729236,-0.0458232615393342,-0.201380407718976,0.000875792751419624
Forpus Capital,-0.0288017101414076,-0.0215234676763578,-0.303415247754638,-0.132335447506661,-0.00256514436748314,0.082927814231981,0.126869732995584,-0.0115861352292104,-0.00903461661570582,0.327951066876214,0.0845371852901688,0.0162390086275564,0.651247647903388,0.0960446060121217,-0.0167901028242593,-0.253037909938882,1,0.371892121594398,0.0666037085407258,-0.0645740960413247,-0.112337676506099,-0.0186535552697464,-0.171760720219176,-0.20757636802935,-0.0719952893704789,0.213016130020073,-0.0992481419043783,-0.303502051387634,0.228653828197013,-0.0671730886599472,-0.131772725864262,-0.162438098014186,0.181676770537044,0.17991362366394,0.130353111991127,0.152954109166427,0.237088058596794,0.297579799508911,0.208299569469801,0.0501037413903314,-0.0578999027459765,-0.179276603893088
Guepardo Investimentos,-0.108978195179948,0.318635747570174,0.0192651079806794,-0.67202168347945,-0.112283823721321,0.188171842442164,-0.0147521507186573,0.0206912012044614,-0.00499258161928281,0.408018270751112,-0.0401182856587574,0.124793943512848,0.389487881783703,0.136274944529043,-0.0856994889442839,-0.335974506693023,0.371892121594398,1,0.00602852943113918,-0.0534095275406559,-0.173807721674715,0.00317994617969705,-0.0773907918194363,-0.346519688683192,0.0267826997914356,0.204480189253312,0.0913316625049674,0.107285131268187,0.463450400925207,0.0424082166022412,-0.49073592687759,0.0652808204290461,0.0475848434601083,0.14407730696718,-0.0313874883964275,0.185163951575878,-0.0908397823609604,-0.192394810074084,-0.0264585354715823,0.225711033540554,0.167484007219073,-0.146730389034093
Gávea Investimentos,-0.126567125431592,0.420444310356388,-0.0566202154284544,-0.128597920535706,0.0848833062579197,-0.00667730505392626,-0.0595129384946546,-0.27994940744194,-0.0019258698898474,0.000415150330624706,-0.144936988428752,0.0144034509448849,0.0400091495621019,0.0675863620958531,-0.0150166982180103,-0.065605290742391,0.0666037085407258,0.00602852943113918,1,0.0618129183971983,0.00695920485648044,0.122252037585492,-0.135284078661079,-0.184546573021525,-0.0491141191512449,-0.0903360119033176,-0.0719807221708767,-0.0528989850682692,-0.0172010051107769,-0.0595534761493549,-0.0235888824032569,-0.218743818497146,-0.00518468941712588,-0.05250663254586,0.0484039361662323,-0.0629952484450326,0.0585065527503832,0.148499382568497,-0.114718437198209,-0.0574072218900909,0.058789969072045,-0.14505995158626
Ibiuna Investimentos,0.384818923801833,0.0392929443491267,-0.117192524999137,0.0448566452788047,-0.0141464723295244,0.0135824314609785,0.214483247103935,-0.0634838043607118,0.344880351347462,0.0339740989893692,0.124073883779081,0.0170285938020564,0.0301809454464485,-0.0372992123190306,-0.0507405861525302,-0.0652039511515024,-0.0645740960413247,-0.0534095275406559,0.0618129183971983,1,0.132681243570583,-0.0822115575987171,-0.00475808886500366,-0.0736772054496719,-0.0537304470682722,0.0970722814668354,-0.0506471371441049,0.213665231993877,-0.00320049907135178,0.203471224959851,-0.0522561310185063,-0.0799075085163882,0.0306862800531434,-0.203092148823698,0.131748766891307,-0.3186217000234,-0.207843156779586,-0.0564583447031725,0.153697741990741,0.0541460913178242,0.0492675862698633,-0.0082703422561852
Itaú,-0.00817122743404619,-0.0996545010773641,-0.00970242418706131,0.265937518538303,-0.257106112156205,-0.337548329083874,0.103038228627547,0.203336924434683,0.0360944146654252,-0.209938840234756,0.230624926034572,-0.126503365957886,-0.0386854380638488,0.272959708266527,-0.00216540424728711,-0.0155329675099624,-0.112337676506099,-0.173807721674715,0.00695920485648044,0.132681243570583,1,0.0366602709007234,0.447398237499769,-0.0102004839771186,-0.280004371483538,0.32828169778,0.255532338208911,-0.0773677670831575,-0.0527207484341094,0.0497212624945981,0.175553624362098,0.207903686027504,0.189073171830071,-0.120538683756811,-0.0447016343624025,-0.0876170619639214,0.225040527456011,0.295081517507701,0.16179366847916,-0.031348690080482,-0.20245205045127,-0.144261564664809
JGP,-0.147994780069452,0.0295404718018393,-0.0720735143581847,-0.0445826421674158,-0.0105938995390952,-0.0924159610435177,-0.0336950962994638,-0.00875066794584838,-0.055089020502921,-0.0458496441728721,-0.00502326076755523,-0.119995913144197,-0.0538246558818135,-0.00532213756434754,0.0679460896340261,0.167733601814755,-0.0186535552697464,0.00317994617969705,0.122252037585492,-0.0822115575987171,0.0366602709007234,1,0.110335258405404,-0.194181974045315,-0.0119482718086774,0.00869618532675352,0.111441875593946,-0.101594901167199,-0.0917861943742142,-0.107386510291232,0.0157318347872386,-0.0688253113414116,-0.199482881645124,-0.112396569434254,-0.0266512530375464,-0.086009251201859,0.175658328536548,0.0744263907912065,0.097550838226515,-0.00254538276821011,-0.0729715236576016,-0.125618362499927
Julius Baer Family Office,-0.0842700321257999,0.187972720747686,0.069590527271488,0.133147270658784,0.0647216909703859,-0.178011662050318,0.0412993908342632,0.252306292519472,-0.0325770331558846,-0.105030758426736,0.0177428228552918,-0.119223450121921,-0.154979325795301,0.644312354389131,-0.382743791949212,-0.0426507905123906,-0.171760720219176,-0.0773907918194363,-0.135284078661079,-0.00475808886500366,0.447398237499769,0.110335258405404,1,0.183495046175646,-0.333365567598499,0.147344836909611,0.0736768696009896,-0.0936952378297702,0.181956360283343,0.0559990663065575,0.199392578683153,0.449108685185417,0.337715580537974,-0.128782103577427,0.0825840329974069,0.0885558726318785,0.401465701783769,0.32493977084213,0.105575327511237,-0.229308958387866,-0.172608784900307,0.152461190887592
Kapitalo Investimentos,0.0364453468611544,0.146089827973654,-0.0416561382902958,0.33833740528639,0.164621314414568,0.283095404263228,-0.0324869387646249,0.116580061613938,0.0187050334157791,-0.125337227411814,-0.0563779485475999,-0.147595483215783,-0.393052839113127,0.0770357263174173,0.0870655434623755,-0.10168924303206,-0.20757636802935,-0.346519688683192,-0.184546573021525,-0.0736772054496719,-0.0102004839771186,-0.194181974045315,0.183495046175646,1,-0.0641840626991786,0.257554971233787,-0.169601041676079,-0.0839774735926627,-0.184260121510411,-0.0027194042446053,0.301119925613518,0.0361311414559005,0.196780218214611,0.0702970345170353,-0.0614612083671924,-0.0921079298065314,0.00469336303726013,0.320731764668651,0.0219934410464602,-0.382737697977201,-0.0174099080417196,0.539238964619748
Kinea Investimentos,0.0630571440392179,-0.0424638074445009,0.287073434640362,-0.0151044462005752,-0.152584800746508,0.0665885961611504,-0.242296387933136,-0.0243583443117769,-0.00029003137861227,0.158994453300642,0.143001432962027,0.178808604398437,0.0013134357694465,-0.0681319867328305,0.105942791394134,0.475226283611862,-0.0719952893704789,0.0267826997914356,-0.0491141191512449,-0.0537304470682722,-0.280004371483538,-0.0119482718086774,-0.333365567598499,-0.0641840626991786,1,-0.02485921349332,0.00416359575406016,-0.349632856291021,0.0124546945017528,0.031721002136026,0.00182362846708093,0.0143313523837585,-0.253112574499392,0.212818439108332,0.487537585666455,0.367897665526806,-0.461701730922793,-0.113322373478861,-0.173962598040238,0.243437563932746,-0.116181957373262,0.0550431970118208
Legacy Capital,-0.0920776847715961,,-0.196631837458033,0.0141828758176704,-0.400629268462695,-0.266877010142009,-0.105117463584311,-0.11589225405805,,-0.103093186575524,0.465025672880485,-0.234486171258219,0.408772365363849,0.100130141461243,-0.190563646696028,-0.0820538659813745,0.213016130020073,0.204480189253312,-0.0903360119033176,0.0970722814668354,0.32828169778,0.00869618532675352,0.147344836909611,0.257554971233787,-0.02485921349332,1,,-0.335096222654849,0.659269511510469,-0.279383805515466,-0.045065929827546,0.199349496016844,0.441568571836119,0.29573304830712,-0.1005488256156,-0.0438184752886168,-0.130277885629278,0.284759637477611,0.0338834292633936,0.252190469707591,-0.154312165359264,-0.135023681178919
Núcleo Capital,-0.0120768951807131,-0.627008626301075,0.0891477401250105,-0.0932087456387406,-0.052324826340345,-0.0202463365079094,-0.163091618168453,0.0635439503273192,-0.134483196935772,-0.0208883443577134,0.0321222725333914,0.107585040815627,-0.202674729311246,0.0659970728532821,0.155901933001189,0.0953847980188629,-0.0992481419043783,0.0913316625049674,-0.0719807221708767,-0.0506471371441049,0.255532338208911,0.111441875593946,0.0736768696009896,-0.169601041676079,0.00416359575406016,,1,0.0491337628563327,-0.036180261317085,-0.130220538938367,0.110394610857222,0.22371989940566,-0.190168099878823,-0.0776570532679444,-0.0845393636824057,0.0823252070399704,-0.069691291480121,-0.0367130188611911,0.22496682505522,0.15137047726251,-0.129268557695488,-0.0847939640747327
Occam Brasil,0.19911627038873,-0.0135792261280603,0.074400494405208,-0.285917362117633,0.067955258364236,0.124291140886568,0.261339820942846,0.0986082780684526,0.110936121733022,0.0012200335076916,-0.164857711645875,0.0807831883462353,-0.19611637311488,-0.268243419011847,0.180556607698048,-0.190864324725948,-0.303502051387634,0.107285131268187,-0.0528989850682692,0.213665231993877,-0.0773677670831575,-0.101594901167199,-0.0936952378297702,-0.0839774735926627,-0.349632856291021,-0.335096222654849,0.0491337628563327,1,-0.0594882625635162,0.388357306971586,-0.243265830702906,0.0274983479081546,0.0676083388207632,-0.127835709796854,-0.379518332796911,-0.417552493467866,-0.126294947856455,-0.392026507153306,-0.032826628273921,-0.0227914127506586,0.291003135137079,-0.126206362571439
Opportunity,-0.0242162431915557,0.0595682184458182,0.136625687145598,-0.294893027202391,-0.131151432227538,-0.0370040325914108,-0.0416730550979007,0.0956593027632168,0.0124862532488218,0.234756070131069,0.119786910298459,0.0544168966601145,0.248309183753223,0.353310117612985,-0.352242580138921,-0.00391528243200105,0.228653828197013,0.463450400925207,-0.0172010051107769,-0.00320049907135178,-0.0527207484341094,-0.0917861943742142,0.181956360283343,-0.184260121510411,0.0124546945017528,0.659269511510469,-0.036180261317085,-0.0594882625635162,1,0.123685261868021,-0.153785042126106,0.155924908097919,0.163250511992493,0.173802453139753,0.0957116491253077,0.261111342391943,-0.0823357919842838,-0.017395570649615,-0.0559029653450227,0.166988818694554,0.119477179505701,-0.0699497753220272
Plural,0.359216292138637,0.0925740080961667,0.00067297854621198,-0.0168772265923235,-0.0171237988572153,0.0704217163848116,-0.02829073637219,-0.0481553319088195,0.198922842039128,0.0284530539413103,0.0198918993243022,-0.0405842461637523,0.00332011739303243,0.00927866710066171,0.0449120885727784,0.0138714157831081,-0.0671730886599472,0.0424082166022412,-0.0595534761493549,0.203471224959851,0.0497212624945981,-0.107386510291232,0.0559990663065575,-0.0027194042446053,0.031721002136026,-0.279383805515466,-0.130220538938367,0.388357306971586,0.123685261868021,1,0.0158381900085411,0.0335900067849627,0.265370539416698,-0.00555281479162714,0.0280360830267231,-0.0553629737446992,-0.0322908931352668,-0.0296259823627245,-0.165352951432776,0.00551016776521927,0.0134729366780965,0.0166479978513014
Real Investor,-0.0211683166757997,-0.158176637080483,0.0334843802849335,0.623185285245301,0.496894668291232,-0.0497359322556411,0.0731279636470344,0.0469936259714025,0.0315341822753491,-0.181165516581119,0.232360796883647,-0.105421292888502,-0.329895926094996,-0.00169596230595763,0.0817669769468403,0.380165699391306,-0.131772725864262,-0.49073592687759,-0.0235888824032569,-0.0522561310185063,0.175553624362098,0.0157318347872386,0.199392578683153,0.301119925613518,0.00182362846708093,-0.045065929827546,0.110394610857222,-0.243265830702906,-0.153785042126106,0.0158381900085411,1,-0.011193217980427,0.102973088680502,-0.209814384920432,0.00316046665199766,0.206373204295143,0.107391517599533,0.164797310694008,0.032324819177044,-0.0444933041371862,-0.227378872159534,-0.0226346890037472
SPX Capital,0.0514920560828368,-0.139205692204933,0.0320154636752671,-0.0194425353583044,-0.12335807766946,0.0873653344014967,0.0664362499760719,0.147964619859557,-0.0526353273267296,-0.0347410416336783,0.143700869526694,0.0321511698057155,-0.123347119747642,0.121832048256251,0.121020452728946,0.0640143730280688,-0.162438098014186,0.0652808204290461,-0.218743818497146,-0.0799075085163882,0.207903686027504,-0.0688253113414116,0.449108685185417,0.0361311414559005,0.0143313523837585,0.199349496016844,0.22371989940566,0.0274983479081546,0.155924908097919,0.0335900067849627,-0.011193217980427,1,0.160636379070633,-0.0447075808700295,0.00364545838400297,-0.158557331785341,-0.185441441380129,0.0359159963346558,-0.15962205538662,0.135748494128252,0.0637401305304248,0.0704907841096919
Safra,-0.0788876553474958,0.224948527594195,-0.260165292092098,0.0754615935538277,0.236617667989216,-0.130863150552166,0.27316119004973,0.0431789423361433,0.00986637157803382,-0.0541976299303993,-0.0946718785620432,-0.413709951716319,-0.104586955926178,0.295666640030308,-0.0993557825461106,-0.160092694372987,0.181676770537044,0.0475848434601083,-0.00518468941712588,0.0306862800531434,0.189073171830071,-0.199482881645124,0.337715580537974,0.196780218214611,-0.253112574499392,0.441568571836119,-0.190168099878823,0.0676083388207632,0.163250511992493,0.265370539416698,0.102973088680502,0.160636379070633,1,-0.0686500786373597,0.032739510517622,-0.106706703017736,0.22947471947229,0.480261443103076,0.0954103764554255,-0.369588996029109,0.11298103872457,0.0526609184898841
Santander,0.0284112354647628,0.0179675975937564,0.24337050650795,-0.220189856226628,-0.320982293766143,0.291465989638448,0.0446634023536849,0.248140209408811,0.0424544636744984,0.531571421530359,0.0956966601785546,0.148481690975061,0.251782825682139,-0.0655227862334276,-0.104781016270268,-0.00614444899317532,0.17991362366394,0.14407730696718,-0.05250663254586,-0.203092148823698,-0.120538683756811,-0.112396569434254,-0.128782103577427,0.0702970345170353,0.212818439108332,0.29573304830712,-0.0776570532679444,-0.127835709796854,0.173802453139753,-0.00555281479162714,-0.209814384920432,-0.0447075808700295,-0.0686500786373597,1,0.140639469280601,0.273620089610476,-0.177728452307761,0.0124071304395001,-0.134068210169977,0.00975092851929954,0.0817073466922082,0.262763537081992
Sharp Capital,0.00460286733759068,-0.185161026528465,0.318674525604777,0.0478504054511169,0.0536320194030028,-0.101016482206756,-0.00150446275837168,0.138300603609845,0.0100567408764349,0.0844783847781435,-0.0283458762379778,0.0324879341890608,0.0658312024546003,0.370332509884218,-0.110767297033886,0.518154592047159,0.130353111991127,-0.0313874883964275,0.0484039361662323,0.131748766891307,-0.0447016343624025,-0.0266512530375464,0.0825840329974069,-0.0614612083671924,0.487537585666455,-0.1005488256156,-0.0845393636824057,-0.379518332796911,0.0957116491253077,0.0280360830267231,0.00316046665199766,0.00364545838400297,0.032739510517622,0.140639469280601,1,0.232435708594877,-0.0136968882728266,0.349836967567174,0.00955558510016146,-0.188250324442497,-0.220774553828195,0.21023189262734
Squadra Investimentos,0.000890578080269004,-0.480821237967544,0.403861516331969,-0.109393828486424,-0.0827994335578364,-0.075369844686185,-0.262957800626748,0.0421388097904043,-0.0203364672006234,0.351668274713098,0.0693841440961019,0.325021884044215,0.161128523784629,0.307394580559751,-0.34568084257995,0.217593143865681,0.152954109166427,0.185163951575878,-0.0629952484450326,-0.3186217000234,-0.0876170619639214,-0.086009251201859,0.0885558726318785,-0.0921079298065314,0.367897665526806,-0.0438184752886168,0.0823252070399704,-0.417552493467866,0.261111342391943,-0.0553629737446992,0.206373204295143,-0.158557331785341,-0.106706703017736,0.273620089610476,0.232435708594877,1,0.0973151347682521,-0.149460317098511,0.0370031521872381,0.0766964692909134,-0.28178521948256,0.00665333606750793
TNA Gestão Patrimonial,-0.101796186605802,0.17092242097489,-0.0598924099494322,0.104656395779613,0.136784452530674,-0.270012445047395,-0.100007344195193,0.100797411968757,0.0539090279141131,-0.131502282311496,-0.263859314933826,-0.251300176994317,0.146429722368114,0.457242692023768,-0.158009587100297,-0.0539573820208822,0.237088058596794,-0.0908397823609604,0.0585065527503832,-0.207843156779586,0.225040527456011,0.175658328536548,0.401465701783769,0.00469336303726013,-0.461701730922793,-0.130277885629278,-0.069691291480121,-0.126294947856455,-0.0823357919842838,-0.0322908931352668,0.107391517599533,-0.185441441380129,0.22947471947229,-0.177728452307761,-0.0136968882728266,0.0973151347682521,1,0.384191514990303,0.268887549314221,-0.303851183389731,-0.134979004603211,-0.0719403813012373
Truxt Investimentos,-0.139883901186412,,-0.21502934716939,0.227553225802009,0.0919047297873555,-0.0868493930561195,-0.0643369016428468,0.00959574013084836,,-0.207965966098196,-0.168923899195301,-0.392473538464048,-0.101470179276676,0.567017632987025,0.0648303306174045,0.00394222676574533,0.297579799508911,-0.192394810074084,0.148499382568497,-0.0564583447031725,0.295081517507701,0.0744263907912065,0.32493977084213,0.320731764668651,-0.113322373478861,0.284759637477611,-0.0367130188611911,-0.392026507153306,-0.017395570649615,-0.0296259823627245,0.164797310694008,0.0359159963346558,0.480261443103076,0.0124071304395001,0.349836967567174,-0.149460317098511,0.384191514990303,1,0.215294410973659,-0.531400751377897,-0.0173384177869007,0.281512125365583
Verde Asset Management,0.196887049369925,-0.26906319372959,-0.048612612339251,0.30432695336704,0.00916056497270696,-0.0602599292821131,0.262097837747467,0.153329735058032,-0.0251217032317136,-0.065600018301735,0.0205760693351877,-0.0333933973193489,-0.0220503259723953,0.102441558105173,-0.0400954932928723,-0.0165838231729236,0.208299569469801,-0.0264585354715823,-0.114718437198209,0.153697741990741,0.16179366847916,0.097550838226515,0.105575327511237,0.0219934410464602,-0.173962598040238,0.0338834292633936,0.22496682505522,-0.032826628273921,-0.0559029653450227,-0.165352951432776,0.032324819177044,-0.15962205538662,0.0954103764554255,-0.134068210169977,0.00955558510016146,0.0370031521872381,0.268887549314221,0.215294410973659,1,-0.0789417628351355,-0.132764388246722,-0.0651987994665162
Vinci Partners,0.11310183475226,-0.290906034330838,-0.0107580243971408,-0.132548041053481,-0.0659627157147238,0.212782085372788,-0.0921487250006875,-0.0678791599863037,0.067003329188122,0.283586642919813,0.657589237998297,0.447513475561413,0.421918813485743,-0.30521406938917,0.119942120081492,-0.0458232615393342,0.0501037413903314,0.225711033540554,-0.0574072218900909,0.0541460913178242,-0.031348690080482,-0.00254538276821011,-0.229308958387866,-0.382737697977201,0.243437563932746,0.252190469707591,0.15137047726251,-0.0227914127506586,0.166988818694554,0.00551016776521927,-0.0444933041371862,0.135748494128252,-0.369588996029109,0.00975092851929954,-0.188250324442497,0.0766964692909134,-0.303851183389731,-0.531400751377897,-0.0789417628351355,1,-0.0110901226307016,-0.330478865448557
Western Asset,0.060658622094423,0.266473752236282,-0.142408361780099,-0.14554652048802,0.0516744542623072,0.247395877062157,0.150209201797049,-0.138436843471352,0.174953897968394,0.102832599400344,-0.00782734175136039,-0.0979743354806257,-0.054255349336419,-0.0655256559125731,0.231835723381214,-0.201380407718976,-0.0578999027459765,0.167484007219073,0.058789969072045,0.0492675862698633,-0.20245205045127,-0.0729715236576016,-0.172608784900307,-0.0174099080417196,-0.116181957373262,-0.154312165359264,-0.129268557695488,0.291003135137079,0.119477179505701,0.0134729366780965,-0.227378872159534,0.0637401305304248,0.11298103872457,0.0817073466922082,-0.220774553828195,-0.28178521948256,-0.134979004603211,-0.0173384177869007,-0.132764388246722,-0.0110901226307016,1,0.0133960186680441
XP,0.035949234317446,-0.167173175415128,0.13070478958571,0.124251001697244,0.0714841599615113,0.384723041456526,-0.023624844918146,0.00420177315757579,0.0146811416939165,0.0392472563013863,-0.105396373515065,-0.0145172879350998,-0.238389802897115,0.193344909915725,-0.155803548439933,0.000875792751419624,-0.179276603893088,-0.146730389034093,-0.14505995158626,-0.0082703422561852,-0.144261564664809,-0.125618362499927,0.152461190887592,0.539238964619748,0.0550431970118208,-0.135023681178919,-0.0847939640747327,-0.126206362571439,-0.0699497753220272,0.0166479978513014,-0.0226346890037472,0.0704907841096919,0.0526609184898841,0.262763537081992,0.21023189262734,0.00665333606750793,-0.0719403813012373,0.281512125365583,-0.0651987994665162,-0.330478865448557,0.0133960186680441,1
